image_width: 2048
image_height: 1536
camera_name: camera/right
camera_matrix:
  rows: 3
  cols: 3
  data: [1837.617677, 0.000000, 1028.401740, 0.000000, 1834.737716, 734.008443, 0.000000, 0.000000, 1.000000]
distortion_model: plumb_bob
distortion_coefficients:
  rows: 1
  cols: 5
  data: [-0.176771, 0.108290, -0.001019, 0.000326, 0.000000]
rectification_matrix:
  rows: 3
  cols: 3
  data: [-0.998324, 0.000246, 0.057874, -0.000266, -1.000000, -0.000324, 0.057874, -0.000339, 0.998324]
projection_matrix:
  rows: 3
  cols: 4
  data: [-1299.291257, 0.000000, 1077.928673, 0.000000, 0.000000, -1299.291257, 804.322227, 0.000000, 0.000000, 0.000000, 1.000000, 0.000000]
