image_width: 2048
image_height: 1536
camera_name: camera/left
camera_matrix:
  rows: 3
  cols: 3
  data: [1838.741897, 0.000000, 1037.422374, 0.000000, 1835.674525, 739.303998, 0.000000, 0.000000, 1.000000]
distortion_model: plumb_bob
distortion_coefficients:
  rows: 1
  cols: 5
  data: [-0.176484, 0.104623, -0.000460, 0.000468, 0.000000]
rectification_matrix:
  rows: 3
  cols: 3
  data: [-0.993993, 0.004350, -0.109361, -0.004393, -0.999990, 0.000151, -0.109359, 0.000631, 0.994002]
projection_matrix:
  rows: 3
  cols: 4
  data: [-1299.291257, 0.000000, 1077.928673, 197.020303, 0.000000, -1299.291257, 804.322227, 0.000000, 0.000000, 0.000000, 1.000000, 0.000000]
