image_width: 2048
image_height: 1536
camera_name: narrow_stereo/left
camera_matrix:
  rows: 3
  cols: 3
  data: [1656.492237, 0.000000, 1059.139760, 0.000000, 1657.430792, 797.031797, 0.000000, 0.000000, 1.000000]
distortion_model: plumb_bob
distortion_coefficients:
  rows: 1
  cols: 5
  data: [-0.198112, 0.073668, -0.001717, 0.002142, 0.000000]
rectification_matrix:
  rows: 3
  cols: 3
  data: [0.997557, -0.004396, 0.069723, 0.004373, 0.999990, 0.000489, -0.069724, -0.000183, 0.997566]
projection_matrix:
  rows: 3
  cols: 4
  data: [1833.086840, 0.000000, 1088.131012, 0.000000, 0.000000, 1833.086840, 773.290573, 0.000000, 0.000000, 0.000000, 1.000000, 0.000000]
