image_width: 2048
image_height: 1536
camera_name: narrow_stereo/right
camera_matrix:
  rows: 3
  cols: 3
  data: [1657.109846, 0.000000, 1042.258506, 0.000000, 1658.302042, 759.957386, 0.000000, 0.000000, 1.000000]
distortion_model: plumb_bob
distortion_coefficients:
  rows: 1
  cols: 5
  data: [-0.200918, 0.076485, -0.002856, 0.003140, 0.000000]
rectification_matrix:
  rows: 3
  cols: 3
  data: [0.995638, 0.002738, -0.093256, -0.002769, 0.999996, -0.000207, 0.093256, 0.000465, 0.995642]
projection_matrix:
  rows: 3
  cols: 4
  data: [1833.086840, 0.000000, 1088.131012, -302.108201, 0.000000, 1833.086840, 773.290573, 0.000000, 0.000000, 0.000000, 1.000000, 0.000000]
